0 0.0194326171875
1 0.01946044921875
2 0.019162109375
3 0.01914404296875
4 0.019374755859375
5 0.022635498046875
6 0.0227099609375
7 0.01935302734375
8 0.0190146484375
9 0.019011962890625
10 0.019507568359375
11 0.0226826171875
12 0.022641357421875
13 0.01938525390625
14 0.01900244140625
15 0.018885986328125
16 0.019456298828125
17 0.02276416015625
18 0.022640869140625
19 0.01940771484375
20 0.018978271484375
21 0.0189716796875
22 0.019474365234375
23 0.022709228515625
24 0.022707275390625
25 0.01943994140625
26 0.018854736328125
27 0.018702880859375
28 0.01946826171875
29 0.02266162109375
30 0.022671630859375
31 0.019563232421875
32 0.0190732421875
33 0.019009033203125
34 0.019421142578125
35 0.02267138671875
36 0.022776611328125
37 0.01950830078125
38 0.01895458984375
39 0.01890625
40 0.019345703125
41 0.02259716796875
42 0.022907470703125
43 0.019522216796875
44 0.019041015625
45 0.018984130859375
46 0.01940576171875
47 0.022751220703125
48 0.022806884765625
49 0.019552490234375
50 0.019
51 0.019010498046875
52 0.01944287109375
53 0.02271240234375
54 0.023138671875
55 0.0195146484375
56 0.01911279296875
57 0.018912841796875
58 0.019468994140625
59 0.022848876953125
60 0.022813720703125
61 0.01945556640625
62 0.01949560546875
63 0.01211669921875