0 -1.02539062500001e-05
1 2.78320312499997e-05
2 -1.36718750000002e-05
3 -7.95898437500002e-05
4 0.000128662109375001
5 -3.90625000000081e-06
6 3.5156250000001e-05
7 0.0001220703125
8 -8.86230468749989e-05
9 -8.7158203124999e-05
10 0.000150878906249998
11 -5.59082031249993e-05
12 2.92968749999839e-06
13 0.000154541015624999
14 -9.88769531249998e-05
15 -8.5693359375e-05
16 0.00010888671875
17 -4.78515625000004e-05
18 -4.68749999999999e-05
19 0.000135986328125001
20 -7.10449218750001e-05
21 -9.39941406250018e-05
22 6.73828124999993e-05
23 -2.9541015624999e-05
24 -5.63964843749987e-05
25 9.88769531250002e-05
26 -9.91210937499997e-05
27 -0.000134277343750002
28 5.49316406250007e-05
29 -3.80859374999997e-05
30 -1.22070312499993e-05
31 0.00012841796875
32 -0.000100097656250001
33 -0.000132568359374998
34 6.56738281250003e-05
35 -4.73632812499992e-05
36 3.27148437500005e-05
37 0.000148437500000001
38 -0.000129638671875
39 -0.000156982421875001
40 6.29882812499992e-05
41 -2.44140624999391e-07
42 0.000127441406249999
43 0.000180664062500001
44 -0.000126953125
45 -0.000174560546875
46 8.32519531250014e-05
47 -2.44140624999989e-05
48 0.000244873046874998
49 0.000218994140624998
50 -0.000104736328125
51 -0.000205078125000001
52 0.000110595703125001
53 -1.00097656250004e-05
54 0.000443115234374999
55 0.000221679687499999
56 -0.000114257812500001
57 -0.000220458984375
58 0.000133056640624999
59 4.44335937499988e-05
60 0.000704345703124997
61 -0.001341552734375
62 5.95703124999995e-05
63 -1.53808593749999e-05