0 0.01944287109375
1 0.0194326171875
2 0.01917578125
3 0.0192236328125
4 0.01924609375
5 0.022639404296875
6 0.0226748046875
7 0.01923095703125
8 0.019103271484375
9 0.01909912109375
10 0.019356689453125
11 0.022738525390625
12 0.022638427734375
13 0.019230712890625
14 0.019101318359375
15 0.0189716796875
16 0.019347412109375
17 0.02281201171875
18 0.022687744140625
19 0.019271728515625
20 0.01904931640625
21 0.019065673828125
22 0.019406982421875
23 0.02273876953125
24 0.022763671875
25 0.019341064453125
26 0.018953857421875
27 0.018837158203125
28 0.019413330078125
29 0.02269970703125
30 0.022683837890625
31 0.019434814453125
32 0.01917333984375
33 0.0191416015625
34 0.01935546875
35 0.02271875
36 0.022743896484375
37 0.01935986328125
38 0.019084228515625
39 0.019063232421875
40 0.01928271484375
41 0.022597412109375
42 0.022780029296875
43 0.019341552734375
44 0.01916796875
45 0.01915869140625
46 0.019322509765625
47 0.022775634765625
48 0.02256201171875
49 0.01933349609375
50 0.019104736328125
51 0.019215576171875
52 0.019332275390625
53 0.022722412109375
54 0.022695556640625
55 0.01929296875
56 0.01922705078125
57 0.01913330078125
58 0.0193359375
59 0.022804443359375
60 0.022109375
61 0.020797119140625
62 0.01943603515625
63 0.012132080078125