0 -5.4443359375e-05
1 0.000656982421875001
2 -0.00015576171875
3 0.000287109375000003
4 -0.000137207031249998
5 0.000737548828124999
6 2.19726562499976e-06
7 0.000675537109375001
8 -0.003710693359375
9 0.000654296874999999
10 -0.000245117187500001
11 0.000795166015625
12 3.07617187499998e-05
13 0.00063037109375
14 -0.00327880859375
15 0.000471435546875
16 -0.000193847656249999
17 0.000787109375
18 -3.97949218750006e-05
19 0.000552246093749998
20 -0.00290380859375
21 0.000366210937499998
22 -0.000203857421875001
23 0.000798095703125
24 -2.90527343749977e-05
25 0.00055224609375
26 -0.00244140625
27 0.000310791015625
28 -0.000176025390625
29 0.000800537109375
30 -2.44140624999975e-06
31 0.000558837890625001
32 -0.0022001953125
33 0.000167968750000001
34 -0.000203857421875
35 0.000810058593750002
36 1.3671874999999e-05
37 0.000616943359374999
38 -0.00192919921875001
39 0.000538574218750001
40 -0.000149902343750001
41 0.000896484375000001
42 0.000108398437500001
43 0.000700683593750004
44 -0.001659423828125
45 0.000394775390624999
46 -8.22753906250016e-05
47 0.001
48 0.00025
49 0.000754394531249998
50 -0.00156201171874999
51 0.000738281250000001
52 2.22167968749987e-05
53 0.00112207031249999
54 0.000431152343749999
55 0.000938476562500001
56 -0.000946533203124999
57 0.000600341796875
58 5.54199218749981e-05
59 0.001138671875
60 0.000567138671875002
61 0.005126220703125
62 0.000485595703125002
63 0.000892822265625