0 0.028953857421875
1 0.047955322265625
2 0.0665083007812499
3 0.0653124999999998
4 0.051249755859375
5 0.0328544921875
6 0.032856201171875
7 0.0513203125
8 0.069105224609375
9 0.0654916992187501
10 0.051583740234375
11 0.032931884765625
12 0.03295166015625
13 0.0515544433593749
14 0.0686115722656251
15 0.065820068359375
16 0.0515122070312501
17 0.033103515625
18 0.0331032714843749
19 0.051565185546875
20 0.0682023925781249
21 0.0660134277343751
22 0.05158642578125
23 0.032921142578125
24 0.0329216308593749
25 0.051435791015625
26 0.06766015625
27 0.065890625
28 0.05135302734375
29 0.03289208984375
30 0.03286083984375
31 0.0513781738281249
32 0.06742626953125
33 0.066100341796875
34 0.051396240234375
35 0.0328940429687501
36 0.033023193359375
37 0.05148095703125
38 0.0676303710937501
39 0.065543701171875
40 0.0513366699218749
41 0.0327998046875
42 0.032899169921875
43 0.051387939453125
44 0.0670495605468749
45 0.065892333984375
46 0.0513876953125001
47 0.032870849609375
48 0.032939453125
49 0.051599853515625
50 0.0672158203125
51 0.0656374511718749
52 0.051524169921875
53 0.032908203125
54 0.03285595703125
55 0.051405517578125
56 0.0667893066406249
57 0.066064208984375
58 0.05180224609375
59 0.033169189453125
60 0.03221728515625
61 0.044725341796875
62 0.03881982421875
63 0.022555419921875