0 0.0288994140625
1 0.0486123046875
2 0.0663525390624999
3 0.0655996093749999
4 0.051112548828125
5 0.033592041015625
6 0.0328583984375001
7 0.051995849609375
8 0.0653945312499999
9 0.06614599609375
10 0.051338623046875
11 0.03372705078125
12 0.032982421875
13 0.052184814453125
14 0.065332763671875
15 0.06629150390625
16 0.051318359375
17 0.033890625
18 0.0330634765625
19 0.052117431640625
20 0.065298583984375
21 0.066379638671875
22 0.051382568359375
23 0.03371923828125
24 0.032892578125
25 0.051988037109375
26 0.06521875
27 0.066201416015625
28 0.0511770019531249
29 0.033692626953125
30 0.0328583984375
31 0.05193701171875
32 0.06522607421875
33 0.0662683105468748
34 0.0511923828125
35 0.0337041015625
36 0.033036865234375
37 0.052097900390625
38 0.0657011718749999
39 0.0660822753906251
40 0.051186767578125
41 0.0336962890625
42 0.033007568359375
43 0.052088623046875
44 0.06539013671875
45 0.066287109375
46 0.051305419921875
47 0.033870849609375
48 0.033189453125
49 0.052354248046875
50 0.0656538085937499
51 0.0663757324218751
52 0.05154638671875
53 0.0340302734375
54 0.033287109375
55 0.052343994140625
56 0.0658427734374999
57 0.0666645507812501
58 0.051857666015625
59 0.0343078613281249
60 0.0327844238281249
61 0.0498515625000001
62 0.0393054199218749
63 0.0234482421875